prim_mst 207 [(0, 1, 31), (8, 2, 12), (8, 3, 17), (3, 4, 28), (7, 5, 10), (2, 6, 32), (3, 7, 19), (9, 8, 33), (0, 9, 25)]
kruskal_mst 207 [(5, 7, 10), (2, 8, 12), (3, 8, 17), (3, 7, 19), (0, 9, 25), (3, 4, 28), (0, 1, 31), (2, 6, 32), (8, 9, 33)]
prim_mst 192 [(9, 1, 23), (9, 2, 36), (0, 3, 11), (7, 4, 15), (6, 5, 31), (7, 6, 26), (3, 7, 12), (9, 8, 15), (0, 9, 23)]
kruskal_mst 192 [(0, 3, 11), (3, 7, 12), (4, 7, 15), (8, 9, 15), (0, 9, 23), (1, 9, 23), (6, 7, 26), (5, 6, 31), (2, 9, 36)]
prim_mst 189 [(6, 1, 19), (1, 2, 16), (9, 3, 20), (2, 4, 34), (3, 5, 14), (5, 6, 11), (0, 7, 42), (6, 8, 19), (0, 9, 14)]
kruskal_mst 189 [(5, 6, 11), (0, 9, 14), (3, 5, 14), (1, 2, 16), (1, 6, 19), (6, 8, 19), (3, 9, 20), (2, 4, 34), (0, 7, 42)]
prim_mst 222 [(4, 1, 14), (8, 2, 13), (4, 3, 21), (5, 4, 11), (8, 5, 25), (1, 6, 40), (3, 7, 37), (0, 8, 29), (4, 9, 32)]
kruskal_mst 222 [(4, 5, 11), (2, 8, 13), (1, 4, 14), (3, 4, 21), (5, 8, 25), (0, 8, 29), (4, 9, 32), (3, 7, 37), (1, 6, 40)]
prim_mst 227 [(0, 1, 13), (5, 2, 16), (6, 3, 44), (7, 4, 24), (1, 5, 28), (2, 6, 17), (1, 7, 23), (6, 8, 30), (0, 9, 32)]
kruskal_mst 227 [(0, 1, 13), (2, 5, 16), (2, 6, 17), (1, 7, 23), (4, 7, 24), (1, 5, 28), (6, 8, 30), (0, 9, 32), (3, 6, 44)]
prim_mst 173 [(8, 1, 17), (0, 2, 14), (9, 3, 27), (9, 4, 22), (6, 5, 27), (0, 6, 14), (5, 7, 14), (2, 8, 22), (7, 9, 16)]
kruskal_mst 173 [(0, 2, 14), (0, 6, 14), (5, 7, 14), (7, 9, 16), (1, 8, 17), (2, 8, 22), (4, 9, 22), (3, 9, 27), (5, 6, 27)]
prim_mst 153 [(4, 1, 11), (8, 2, 16), (4, 3, 13), (0, 4, 18), (3, 5, 21), (7, 6, 27), (8, 7, 24), (5, 8, 11), (4, 9, 12)]
kruskal_mst 153 [(1, 4, 11), (5, 8, 11), (4, 9, 12), (3, 4, 13), (2, 8, 16), (0, 4, 18), (3, 5, 21), (7, 8, 24), (6, 7, 27)]
prim_mst 159 [(6, 1, 20), (0, 2, 10), (8, 3, 31), (7, 4, 11), (6, 5, 25), (9, 6, 13), (0, 7, 14), (1, 8, 24), (7, 9, 11)]
kruskal_mst 159 [(0, 2, 10), (4, 7, 11), (7, 9, 11), (6, 9, 13), (0, 7, 14), (1, 6, 20), (1, 8, 24), (5, 6, 25), (3, 8, 31)]
prim_mst 159 [(0, 1, 12), (0, 2, 13), (9, 3, 17), (1, 4, 13), (6, 5, 36), (2, 6, 21), (8, 7, 15), (2, 8, 16), (2, 9, 16)]
kruskal_mst 159 [(0, 1, 12), (0, 2, 13), (1, 4, 13), (7, 8, 15), (2, 8, 16), (2, 9, 16), (3, 9, 17), (2, 6, 21), (5, 6, 36)]
prim_mst 173 [(0, 1, 19), (6, 2, 17), (6, 3, 14), (7, 4, 22), (2, 5, 22), (1, 6, 10), (9, 7, 13), (9, 8, 25), (5, 9, 31)]
kruskal_mst 173 [(1, 6, 10), (7, 9, 13), (3, 6, 14), (2, 6, 17), (0, 1, 19), (2, 5, 22), (4, 7, 22), (8, 9, 25), (5, 9, 31)]

Time (ms) for each algorithm:
                   10        20        30        40        50        60        70        80         90         100
prim_mst     0.087500  0.233173  0.443935  0.750303  1.096964  1.528978  2.024889  2.608538   3.291368   4.060745
kruskal_mst  0.139952  0.387669  0.816584  1.402617  2.133846  3.086329  4.209995  6.514788  19.057512  10.260820
