
 floyd_apsp
Shortest Path Distance Matrix:
        0     1     2     3     4     5     6     7     8     9   
0       0   189   234   167   149   268    69   353   305   118
1    9999     0  9999  9999  9999  9999  9999  9999  9999  9999
2    9999    66     0   175   215    34   188   119    71   148
3    9999    80    67     0    40   101   255   186   138   215
4    9999    40    85    18     0   119   273   204   156   233
5    9999   221   208   141   181     0   154    85    37   114
6    9999   120   165    98    80   199     0   284   236    49
7    9999   136   123    56    96   157    69     0   194    29
8    9999  9999  9999  9999  9999  9999  9999  9999     0  9999
9    9999  9999  9999  9999  9999  9999  9999  9999  9999     0

Predecessor Matrix:
        0     1     2     3     4     5     6     7     8     9   
0      -1     4     3     4     6     2     0     5     5     6
1       1    -1     1     1     1     1     1     1     1     1
2       2     2    -1     7     3     2     7     5     5     7
3       3     4     3    -1     3     2     7     5     5     7
4       4     4     3     4    -1     2     7     5     5     7
5       5     4     3     7     3    -1     7     5     5     7
6       6     4     3     4     6     2    -1     5     5     6
7       7     4     3     7     3     2     7    -1     5     7
8       8     8     8     8     8     8     8     8    -1     8
9       9     9     9     9     9     9     9     9     9    -1


 dijkstra_apsp
Shortest Path Distance Matrix:
        0     1     2     3     4     5     6     7     8     9   
0       0   189   234   167   149   268    69   353   305   118
1    9999     0  9999  9999  9999  9999  9999  9999  9999  9999
2    9999    66     0   175   215    34   188   119    71   148
3    9999    80    67     0    40   101   255   186   138   215
4    9999    40    85    18     0   119   273   204   156   233
5    9999   221   208   141   181     0   154    85    37   114
6    9999   120   165    98    80   199     0   284   236    49
7    9999   136   123    56    96   157    69     0   194    29
8    9999  9999  9999  9999  9999  9999  9999  9999     0  9999
9    9999  9999  9999  9999  9999  9999  9999  9999  9999     0

Predecessor Matrix:
        0     1     2     3     4     5     6     7     8     9   
0      -1     4     3     4     6     2     0     5     5     6
1       1    -1     1     1     1     1     1     1     1     1
2       2     2    -1     7     3     2     7     5     5     7
3       3     4     3    -1     3     2     7     5     5     7
4       4     4     3     4    -1     2     7     5     5     7
5       5     4     3     7     3    -1     7     5     5     7
6       6     4     3     4     6     2    -1     5     5     6
7       7     4     3     7     3     2     7    -1     5     7
8       8     8     8     8     8     8     8     8    -1     8
9       9     9     9     9     9     9     9     9     9    -1


 bellman_ford_apsp
Shortest Path Distance Matrix:
        0     1     2     3     4     5     6     7     8     9   
0       0   189   234   167   149   268    69   353   305   118
1    9999     0  9999  9999  9999  9999  9999  9999  9999  9999
2    9999    66     0   175   215    34   188   119    71   148
3    9999    80    67     0    40   101   255   186   138   215
4    9999    40    85    18     0   119   273   204   156   233
5    9999   221   208   141   181     0   154    85    37   114
6    9999   120   165    98    80   199     0   284   236    49
7    9999   136   123    56    96   157    69     0   194    29
8    9999  9999  9999  9999  9999  9999  9999  9999     0  9999
9    9999  9999  9999  9999  9999  9999  9999  9999  9999     0

Predecessor Matrix:
        0     1     2     3     4     5     6     7     8     9   
0      -1     4     3     4     6     2     0     5     5     6
1       1    -1     1     1     1     1     1     1     1     1
2       2     2    -1     7     3     2     7     5     5     7
3       3     4     3    -1     3     2     7     5     5     7
4       4     4     3     4    -1     2     7     5     5     7
5       5     4     3     7     3    -1     7     5     5     7
6       6     4     3     4     6     2    -1     5     5     6
7       7     4     3     7     3     2     7    -1     5     7
8       8     8     8     8     8     8     8     8    -1     8
9       9     9     9     9     9     9     9     9     9    -1

Time (ms) for each algorithm:
                         10        20         30         40
floyd_apsp         0.061035  0.956774   1.200676   3.321648
dijkstra_apsp      0.248194  1.586914   2.775908   6.017923
bellman_ford_apsp  0.388861  3.264189  12.655020  28.251171
