Graph from file:

Graph Adjacency Matrix:
    0     1     2     3     4     5   
0   0     1     1     0     1     1
1   1     0     1     1     1     0
2   1     1     0     0     0     1
3   0     1     1     0     1     1
4   1     0     0     0     0     1
5   1     1     1     1     1     0

Graph Adjacency Table:
0 --> [1, 2, 4, 5]
1 --> [0, 2, 3, 4]
2 --> [0, 1, 5]
3 --> [1, 2, 4, 5]
4 --> [0, 5]
5 --> [0, 1, 2, 3, 4]

Edge Set:
{(4, 0), (3, 4), (3, 1), (5, 4), (5, 1), (0, 2), (0, 5), (1, 0), (2, 5), (1, 3), (4, 5), (5, 0), (5, 3), (0, 1), (1, 2), (0, 4), (2, 1), (3, 2), (3, 5), (5, 2), (2, 0), (1, 4)}

Edge Map:
{(0, 1): 1, (0, 2): 1, (0, 4): 1, (0, 5): 1, (1, 0): 1, (1, 2): 1, (1, 3): 1, (1, 4): 1, (2, 0): 1, (2, 1): 1, (2, 5): 1, (3, 1): 1, (3, 2): 1, (3, 4): 1, (3, 5): 1, (4, 0): 1, (4, 5): 1, (5, 0): 1, (5, 1): 1, (5, 2): 1, (5, 3): 1, (5, 4): 1}

BFS Traversal: [0, 1, 2, 4, 5, 3]
DFS Traversal: [0, 1, 2, 5, 3, 4]


                 6
bfs_main  0.214634
dfs_main  0.204654
Random Graph:

Graph Adjacency Matrix:
    0     1     2     3     4   
0   0     0     1     0     0
1   0     0     1     1     0
2   1     1     0     1     1
3   0     1     1     0     1
4   0     0     1     1     0

Graph Adjacency Table:
0 --> [2]
1 --> [2, 3]
2 --> [0, 1, 3, 4]
3 --> [1, 2, 4]
4 --> [2, 3]

Edge Set:
{(2, 4), (1, 2), (3, 4), (2, 3), (0, 2), (1, 3)}

Edge Map:
{(0, 2): 1, (1, 2): 1, (1, 3): 1, (2, 0): 1, (2, 1): 1, (2, 3): 1, (2, 4): 1, (3, 1): 1, (3, 2): 1, (3, 4): 1, (4, 2): 1, (4, 3): 1}

BFS Traversal: [0, 2, 1, 3, 4]
DFS Traversal: [0, 2, 1, 3, 4]


                 5
bfs_main  0.169828
dfs_main  0.152399
